0 0.40390625 0.53125 0.209375 0.21171875
0 0.790625 0.446875 0.0796875 0.07421875
0 0.728125 0.609375 0.05546875 0.0453125
0 0.553125 0.8421875 0.03828125 0.0359375
0 0.4703125 0.8484375 0.05546875 0.03359375
0 0.40625 0.6875 0.05546875 0.053125
0 0.6078125 0.52421875 0.03359375 0.03359375
0 0.14453125 0.6390625 0.05078125 0.0484375
0 0.365625 0.3375 0.0578125 0.0453125
0 0.52890625 0.271875 0.02890625 0.0359375
0 0.52890625 0.1140625 0.0625 0.05546875
0 0.09140625 0.5 0.03828125 0.03828125
0 0.0828125 0.1875 0.040625 0.04296875