0 0.40546875 0.5359375 0.2203125 0.2234375
0 0.7875 0.43203125 0.084375 0.078125
0 0.73359375 0.59765625 0.0578125 0.046875
0 0.57109375 0.8390625 0.0390625 0.0375
0 0.48828125 0.84921875 0.0578125 0.0375
0 0.41640625 0.6921875 0.0578125 0.05625
0 0.60859375 0.51875 0.0359375 0.034375
0 0.15234375 0.6578125 0.053125 0.05
0 0.35703125 0.34453125 0.059375 0.046875
0 0.5171875 0.2703125 0.03125 0.0375
0 0.50859375 0.11328125 0.065625 0.059375
0 0.0921875 0.52109375 0.040625 0.040625
0 0.0671875 0.209375 0.0421875 0.0453125