0 0.4109375 0.54765625 0.24375 0.2453125
0 0.77734375 0.396875 0.0921875 0.0875
0 0.74375 0.56796875 0.0625 0.053125
0 0.61171875 0.828125 0.04375 0.040625
0 0.53125 0.8484375 0.0609375 0.04375
0 0.43984375 0.70078125 0.0640625 0.0625
0 0.61015625 0.50546875 0.0390625 0.0390625
0 0.17421875 0.6984375 0.059375 0.05625
0 0.3390625 0.36328125 0.0640625 0.053125
0 0.4890625 0.2703125 0.0359375 0.040625
0 0.46171875 0.11484375 0.071875 0.065625
0 0.09765625 0.57109375 0.0453125 0.04375
0 0.03515625 0.26484375 0.046875 0.05