0 0.553125 0.459375 0.08671875 0.071875
0 0.49296875 0.6109375 0.03828125 0.03828125
0 0.1875 0.53359375 0.1875 0.17578125
0 0.7953125 0.6734375 0.03359375 0.02890625
0 0.146875 0.3578125 0.03359375 0.03359375
0 0.31015625 0.1546875 0.053125 0.0453125
0 0.38125 0.53359375 0.03125 0.02421875
0 0.31484375 0.46875 0.02890625 0.0265625
0 0.2640625 0.83671875 0.040625 0.03359375
0 0.33203125 0.82421875 0.02890625 0.03828125
0 0.296875 0.77890625 0.0265625 0.02890625
0 0.1859375 0.68515625 0.0359375 0.0484375