0 0.0640625 0.14296875 0.12734375 0.146875
0 0.12734375 0.37890625 0.2546875 0.32421875
0 0.521875 0.0578125 0.1296875 0.0765625
0 0.8296875 0.12265625 0.15390625 0.08671875
0 0.70546875 0.46875 0.2328125 0.21640625
0 0.4890625 0.9796875 0.12734375 0.0359375
0 0.3890625 0.7484375 0.3703125 0.26171875
0 0.15625 0.90390625 0.1296875 0.08203125
0 0.1921875 0.6515625 0.384375 0.14453125
0 0.03515625 0.8328125 0.06953125 0.0453125
0 0.02734375 0.92578125 0.0546875 0.0359375
0 0.90859375 0.928125 0.15390625 0.08671875
0 0.7671875 0.81875 0.178125 0.0984375
0 0.79296875 0.78828125 0.40859375 0.41796875