0 0.08203125 0.55859375 0.16328125 0.19453125
0 0.06640625 0.35703125 0.13203125 0.2140625
0 0.13671875 0.23046875 0.1109375 0.16796875
0 0.00859375 0.15234375 0.0171875 0.05546875
0 0.94140625 0.521875 0.0359375 0.0671875
0 0.79609375 0.2640625 0.4015625 0.528125
0 0.4640625 0.12265625 0.02890625 0.03828125
0 0.0796875 0.9546875 0.0671875 0.071875
0 0.24765625 0.88671875 0.0671875 0.0671875
0 0.28125 0.7328125 0.03828125 0.0484375
0 0.19375 0.7328125 0.28125 0.14921875
0 0.678125 0.71171875 0.1390625 0.10546875