0 0.0765625 0.128125 0.1328125 0.1515625
0 0.13203125 0.36484375 0.2640625 0.3328125
0 0.5375 0.05859375 0.1328125 0.08125
0 0.84296875 0.134375 0.15625 0.0921875
0 0.70625 0.47578125 0.240625 0.2234375
0 0.47265625 0.97890625 0.128125 0.0390625
0 0.38046875 0.74453125 0.3796875 0.275
0 0.1421875 0.89140625 0.1328125 0.0875
0 0.190625 0.63984375 0.38125 0.1578125
0 0.0296875 0.81640625 0.059375 0.0484375
0 0.0203125 0.909375 0.040625 0.0375
0 0.89375 0.9421875 0.1578125 0.0921875
0 0.75625 0.828125 0.18125 0.1046875
0 0.7828125 0.79140625 0.421875 0.4171875