0 0.04609375 0.20625 0.0921875 0.1625
0 0.13125 0.43125 0.2625 0.35625
0 0.46015625 0.059375 0.140625 0.0953125
0 0.77421875 0.08046875 0.1640625 0.10625
0 0.69921875 0.440625 0.2609375 0.246875
0 0.55625 0.975 0.13125 0.05
0 0.425 0.76171875 0.4046875 0.3109375
0 0.215625 0.94765625 0.140625 0.1
0 0.21640625 0.69296875 0.4 0.196875
0 0.0859375 0.89453125 0.075 0.0546875
0 0.090625 0.9828125 0.059375 0.034375
0 0.940625 0.86640625 0.11875 0.1078125
0 0.80859375 0.778125 0.190625 0.1234375
0 0.79921875 0.74453125 0.4015625 0.4703125