0 0.2765625 0.27734375 0.2 0.5546875
0 0.9671875 0.4703125 0.06015625 0.0890625
0 0.84140625 0.18984375 0.1203125 0.21640625
0 0.4390625 0.33984375 0.11796875 0.26171875
0 0.00859375 0.95546875 0.0171875 0.0265625
0 0.16953125 0.6359375 0.1078125 0.01171875
0 0.1046875 0.99296875 0.06953125 0.009375
0 0.0625 0.80078125 0.08671875 0.04296875
0 0.0375 0.7078125 0.07421875 0.05078125
0 0.87890625 0.6921875 0.23828125 0.125
0 0.6546875 0.709375 0.2140625 0.15859375
0 0.5296875 0.646875 0.1703125 0.03359375
0 0.44921875 0.74765625 0.053125 0.03828125