0 0.2640625 0.43984375 0.08203125 0.1109375
0 0.18984375 0.3453125 0.14921875 0.24296875
0 0.00625 0.33671875 0.01171875 0.0765625
0 0.3296875 0.0171875 0.0765625 0.03359375
0 0.765625 0.44453125 0.11328125 0.16328125
0 0.59453125 0.228125 0.2515625 0.45625
0 0.4078125 0.7484375 0.11796875 0.2234375
0 0.1859375 0.75859375 0.32421875 0.459375
0 0.8296875 0.93984375 0.1296875 0.115625
0 0.5171875 0.9125 0.09609375 0.1703125
0 0.5109375 0.70078125 0.084375 0.2234375
0 0.6390625 0.6296875 0.0625 0.10546875